q=[1	0	1	0	1	1	1	0	1	0	0	0	1	0	0	0	1	1	1	0	1	0	0	0	0	0	1	0	0	0	0	0	1	0	1	1	1	0	1	1	1	1	1	0	1	0	0	0	1	1	0
1	0	1	0	1	0	0	0	1	0	0	0	1	0	0	0	1	0	1	0	0	1	0	0	0	1	0	1	0	0	0	1	0	0	1	0	1	0	1	0	0	0	1	0	1	0	0	0	1	0	1
1	0	1	0	1	0	0	0	1	0	0	0	1	0	0	0	1	0	1	0	0	1	0	0	0	1	0	1	0	0	0	1	0	0	1	0	1	0	1	1	1	1	1	0	1	0	0	0	1	0	1
1	1	1	0	1	1	1	0	1	0	0	0	1	0	0	0	1	0	1	0	0	0	1	0	1	0	0	0	1	0	1	0	0	0	1	0	1	0	1	0	1	0	0	0	1	0	0	0	1	0	1
1	0	1	0	1	0	0	0	1	0	0	0	1	0	0	0	1	0	1	0	0	0	1	0	1	0	0	0	1	0	1	0	0	0	1	0	1	0	1	0	0	1	0	0	1	0	0	0	1	0	1
1	0	1	0	1	0	0	0	1	0	0	0	1	0	0	0	1	0	1	0	0	0	0	1	0	0	0	0	0	1	0	0	0	0	1	0	1	0	1	0	0	0	1	0	1	0	0	0	1	0	1
1	0	1	0	1	1	1	0	1	1	1	0	1	1	1	0	1	1	1	0	0	0	0	1	0	0	0	0	0	1	0	0	0	0	1	1	1	0	1	0	0	0	1	0	1	1	1	0	1	1	0
];
zz=q*111;
zz